"","Acinetobacter_unclassified","Actinobaculum_massiliense","Actinobaculum_schaalii","Actinomyces_europaeus","Actinomyces_neuii","Actinomyces_turicensis","Aerococcus_urinae","Agrobacterium_tumefaciens","Agrobacterium_unclassified","Akkermansia_muciniphila","Alloscardovia_omnicolens","Anaerococcus_hydrogenalis","Anaerococcus_lactolyticus","Anaerococcus_obesiensis","Anaerococcus_prevotii","Anaerococcus_vaginalis","Anaeroglobus_geminatus","Atopobium_parvulum","Atopobium_vaginae","Bacteroides_fragilis","Bacteroides_uniformis","Bacteroides_vulgatus","Bifidobacterium_bifidum","Bifidobacterium_breve","Bifidobacterium_dentium","Bifidobacterium_longum","BK_polyomavirus","Bradyrhizobium_sp_DFCI_1","Brevibacterium_massiliense","Burkholderia_unclassified","Campylobacter_hominis","Campylobacter_ureolyticus","Candida_glabrata","Chryseobacterium_taeanense","Clostridiales_bacterium_BV3C26","Clostridiales_Family_XIII_Incertae_Sedis_unclassified","Collinsella_aerofaciens","Comamonas_unclassified","Coriobacteriaceae_bacterium_BV3Ac1","Corynebacterium_amycolatum","Corynebacterium_aurimucosum","Corynebacterium_glucuronolyticum","Corynebacterium_kroppenstedtii","Corynebacterium_pseudogenitalium","Corynebacterium_pyruviciproducens","Corynebacterium_sp_HFH0082","Corynebacterium_striatum","Corynebacterium_tuberculostearicum","Corynebacterium_urealyticum","Delftia_acidovorans","Delftia_unclassified","Dialister_invisus","Dialister_micraerophilus","Dorea_unclassified","Eggerthella_unclassified","Enterococcus_faecalis","Escherichia_coli","Escherichia_unclassified","Eubacterium_eligens","Eubacterium_hallii","Eubacterium_rectale","Facklamia_hominis","Facklamia_ignava","Facklamia_unclassified","Faecalibacterium_prausnitzii","Finegoldia_magna","Fusobacterium_nucleatum","Gardnerella_vaginalis","Haemophilus_parainfluenzae","Imtechella_halotolerans","JC_polyomavirus","Jonquetella_anthropi","Klebsiella_pneumoniae","Klebsiella_unclassified","Lachnospiraceae_bacterium_1_1_57FAA","Lachnospiraceae_bacterium_8_1_57FAA","Lactobacillus_crispatus","Lactobacillus_gasseri","Lactobacillus_iners","Lactobacillus_jensenii","Lactobacillus_rhamnosus","Lactobacillus_vaginalis","Malassezia_globosa","Megasphaera_micronuciformis","Meiothermus_silvanus","Merkel_cell_polyomavirus","Methanobrevibacter_smithii","Methylobacterium_populi","Micrococcus_luteus","Mobiluncus_curtisii","Mobiluncus_unclassified","Pantoea_unclassified","Parvimonas_unclassified","Peptoniphilus_duerdenii","Peptoniphilus_harei","Peptoniphilus_lacrimalis","Peptoniphilus_rhinitidis","Peptoniphilus_sp_BV3AC2","Peptoniphilus_sp_oral_taxon_375","Peptoniphilus_timonensis","Peptostreptococcus_anaerobius","Porphyromonas_asaccharolytica","Porphyromonas_bennonis","Porphyromonas_somerae","Porphyromonas_uenonis","Prevotella_bergensis","Prevotella_bivia","Prevotella_buccalis","Prevotella_disiens","Prevotella_timonensis","Propionibacteriaceae_unclassified","Propionibacterium_acnes","Propionibacterium_avidum","Propionibacterium_granulosum","Propionimicrobium_lymphophilum","Pseudomonas_unclassified","Ralstonia_pickettii","Ralstonia_unclassified","Rhodopseudomonas_palustris","Riemerella_unclassified","Roseburia_unclassified","Rothia_mucilaginosa","Ruminococcus_bromii","Ruminococcus_obeum","Ruminococcus_torques","Slackia_exigua","Slackia_unclassified","Staphylococcus_epidermidis","Staphylococcus_haemolyticus","Staphylococcus_hominis","Staphylococcus_lugdunensis","Staphylococcus_pasteuri","Staphylococcus_pettenkoferi","Staphylococcus_simulans","Staphylococcus_warneri","Stenotrophomonas_maltophilia","Stenotrophomonas_unclassified","Streptococcus_agalactiae","Streptococcus_anginosus","Streptococcus_constellatus","Streptococcus_infantis","Streptococcus_intermedius","Streptococcus_mitis_oralis_pneumoniae","Streptococcus_parasanguinis","Streptococcus_salivarius","Streptococcus_thermophilus","Streptococcus_vestibularis","Subdoligranulum_unclassified","Ureaplasma_parvum","Varibaculum_cambriense","Veillonella_atypica","Veillonella_parvula","Veillonella_unclassified"
"Acinetobacter_unclassified",0,0.0911646775791311,-0.20535874333695,-0.326100287749422,-0.281815179961319,0.161035897919713,-0.00234916741355724,0.624491721307609,0.703721873673286,0.613528940044342,0.453351573187415,-0.445577621585924,-0.349554224255861,-0.486655030897684,-0.42491626963536,-0.484900231142978,0.65502146327657,0.628322090664654,0.516599839615076,0.59677343270909,0.395179017878202,0.52982687862635,0.588056040379263,0.487787159771687,0.598490494834662,0.409009858955611,0.736987593754422,0.494636539459408,0.318156516816831,0.604773810085381,0.665229491957168,-0.396348884381339,0.691759045237983,0.845634228029624,0.525770083494504,0.532657200811359,0.423953960092457,0.628359828293787,0.589735364875702,0.268003207698476,-0.09082503891693,0.647756969668381,0.631416576253597,-0.395726213500637,-0.218076324354922,0.662097268739091,0.476031888296618,-0.308665503089768,0.521486862587858,0.0398981084013397,-0.0275201660455682,0.510014623331289,-0.0749941034954479,0.481730270295769,0.416481909524034,0.142053870465588,0.299457521581207,0.187622057644229,0.65847445634228,0.545337044200198,0.534619557526298,-0.52101514222369,-0.251040143402991,0.76655502618048,0.481334025189867,-0.490353318552762,0.27892825133261,0.457464974762961,0.732760979291476,0.444615312043021,0.403179395254493,0.691872258125383,0.458125383272796,0.606000283032218,0.531826972970423,0.446860700976461,0.57637624416246,0.328911741119864,0.453238360300014,0.624793622340676,0.621963300155668,0.716005471956224,0.715080900042455,0.710231614698806,0.516090381621775,0.633303457710269,0.564866267276758,0.685305910656163,0.681739704703052,-0.0476343223736969,0.61181187791877,0.678003679418841,0.683098259351856,0.17292325109675,-0.576829095712062,-0.281381197226284,0.165356856455493,0.50378791452427,0.354931836407378,0.513165715363932,0.584886079532053,-0.146261616113968,-0.35255436577197,-0.128336242275579,0.168941931223171,0.120883060521723,0.160281145337044,-0.366705976697014,0.57199867918298,-0.213302514269541,0.402518986744658,-0.0561441577432898,0.202641634039341,0.57637624416246,-0.286136138497099,0.236567762630313,0.187999433935563,0.104750224067173,0.55016746072928,0.627359781121751,0.615623378461248,0.509882541629322,0.504750224067173,0.424444549271192,0.375989433463843,0.492617576300769,0.30041983112411,-0.243039766026699,-0.101523656776263,0.0381055710175008,0.433633661965187,0.778234822397283,0.674814849757064,0.502618048021133,0.741365158733903,0.00114156328128685,0.440181140619841,0.606698429171187,-0.0515024293598755,0.605188924005849,0.552261899146186,0.60311335440351,0.499599037690457,0.484673805368178,0.420765130430681,0.470937308363602,0.474314826171046,0.297815934713902,0.689966507854144,-0.42146327656965,0.489768385301193,0.419708476814944,0.526883343553941
"Actinobaculum_massiliense",0.0911646775791311,0,-0.132468512665692,0.0668616444171895,-0.134732770413699,0.254512005283268,-0.030482569932544,-0.196679088636256,-0.0307278645219114,0.190018397094203,0.0600877399877353,-0.0779942450115571,-0.0974479928298505,0.0381810462757677,-0.0755035614887495,0.0388603236001698,0.200471720364168,0.0681069861785933,0.254474267654135,0.221453842162366,0.0706354073305345,0.135204490777867,0.14797867823954,-0.00202839756592292,0.173017595169583,0.0413698759375442,0.234718618802774,-0.119788669276853,0.20760413227039,0.115562054813906,0.250681635926223,0.0262370866550309,0.162564271899618,0.0469550450492948,0.0643898297089485,0.0814661068918345,0.0137836690409925,-0.157733855370536,0.174093117599887,0.0151610925043634,0.217604603990754,0.289928770225011,0.0770696730977876,0.0722581253832728,0.0269729704231332,0.178791452427001,0.182735034671447,0.0534647860748148,0.0995046936176235,-0.118260295296948,-0.0485400254728997,0.132110005188924,-0.116543233171376,0.0475777159299967,0.113599698098967,-0.168187178640502,0.0384829473088353,0.0457851785461578,0.197471578848059,0.17079107505071,0.0501438747110713,0.0139912260012265,-0.0125383272795887,0.145431388273032,0.0833718571630737,-0.0236143214302561,0.179206566347469,0.25179489598566,0.0950327845653097,0.33936506438983,-0.138034812962876,0.158903721873673,0.181187791876975,0.140921741591584,0.198131987357894,0.220227369215529,0.00704750224067173,0.120732110005189,-0.0845228548516439,0.0917496108306996,0.0849002311429784,0.168111703382235,0.129411764705882,0.107146563517147,-0.0995046936176235,0.12309071182603,0.136619651870371,-0.190886362564272,0.175583753950658,-0.0759375442237841,0.0822963347327704,0.18605594603519,0.204830416529082,0.19349025897448,0.0456908344733242,-0.0927873956318694,0.166488985329497,0.218038586725789,-0.166130477852729,-0.0463701117977263,0.165904052077928,-0.00310391999622624,-0.0614462946365395,-0.0370111797726308,-0.148959856597009,0.0643332232652484,0.119807538091419,-0.0641634039341478,0.0216142270861833,-0.0362752960045285,0.0512760035850748,-0.00585876692296806,0.201849143827539,0.135978112175103,0.0458040473607246,-0.1133544035096,-0.157243266191802,-0.145657814047832,0.227114486532384,0.0947120147176754,0.149563658663144,0.175338459361291,0.125694608236238,0.167149393839332,0.137072503419973,0.0181234963913392,0.0045190810887306,-0.0155195999811312,0.132279824520025,0.112939289589132,0.180451908108873,0.104731355252606,0.0555214868625879,0.0435397896127176,-0.0938817868767395,-0.148827774895042,-0.0678616915892259,0.00423604887022973,0.0502948252276051,0.0639181093447804,0.25305910656163,0.152997782914288,0.106486155007312,0.162771828859852,0.0192933628944762,0.0115005424784188,0.119618849945752,-0.0802207651304307,0.147771121279306,0.0150101419878296,0.200018868814567,0.111014670503326,-0.132298693334591
"Actinobaculum_schaalii",-0.20535874333695,-0.132468512665692,0,0.0958818812208123,0.0345771026935233,-0.0409547620170763,0.533506297466862,-0.24966271993962,-0.356554554460116,-0.304929477805557,-0.0922213311948677,-0.151620359450917,0.249908014528987,-0.0107457898957498,0.129543846407849,0.102467097504599,-0.193301570828813,-0.253606302184065,-0.225850275956413,-0.233095900750035,-0.366347469220246,-0.266644653049672,-0.185810651445823,-0.243945469125902,-0.282569932543988,-0.248719279211284,-0.212660974574272,-0.0620500967026747,0.0544270956177178,-0.36742299165055,-0.221227416387565,0.440709467427709,-0.222548233407236,-0.33959149016463,-0.0802207651304307,-0.102825604981367,-0.253266663521864,-0.300891551488278,-0.0952969479692438,0.00702863342610501,-0.161715175244115,-0.165715363932261,-0.271531676022454,-0.0916363979432992,0.0748620217934808,-0.256549837256474,-0.238190480683051,-0.109467427708854,-0.0654653521392519,0.0392376998915043,-0.00629274965800274,-0.353573281758573,0.0545403085051182,-0.366177649889146,-0.321817066842776,-0.0822397282890702,0.0797113071371291,0.200679277324402,-0.232963819048068,-0.176112080758526,-0.227227699419784,0.355875277135714,0.223982263314307,-0.176489457049861,-0.323364309637247,0.100938723524695,-0.0442379357516864,-0.189320250955234,-0.277928204160574,-0.189207038067833,-0.225548374923345,-0.20766073871409,-0.154186518231992,-0.229793858200859,-0.348403226567291,-0.347648473984622,-0.267663569036275,-0.215698853719515,-0.299344308693806,-0.360177366856927,-0.241322703901127,-0.321647247511675,-0.244115288457003,-0.249889145714421,-0.162281239681117,-0.30392943063352,-0.252134534647861,-0.311609038162177,-0.209434407283362,0.322741638756545,-0.185735176187556,-0.242813340251899,-0.179904712486438,0.168394735600736,0.453728949478749,0.392895891315628,0.0125194584650219,-0.0437662153875183,-0.127619227322044,-0.0961837822538799,-0.262493513844993,0.0817868767394688,0.134751639228265,0.233888390961838,0.214453511958111,0.337308363602057,-0.161790650502382,0.434690315580924,-0.0827114486532384,0.304929477805557,-0.445709703287891,-0.10154252559083,-0.0376527194678994,-0.302287843766215,0.59360347186188,-0.242718996179065,-0.156696070569366,-0.139034860134912,-0.0496721543469032,-0.150922213311949,-0.284154912967593,-0.290155195999811,-0.292796830039153,-0.372517571583565,-0.308627765460635,-0.162526534270484,-0.0627859804707769,-0.294004434171423,-0.230775036558328,-0.0804471909052314,-0.173376102646351,-0.177734798811265,-0.248379640549083,-0.0924100193405349,-0.199320722675598,-0.0691825086088966,-0.117939525449314,-0.269456106420114,0.0402566158781075,-0.181904806830511,-0.110146705033256,-0.15771498655597,-0.173923298268786,-0.330157082881268,-0.222736921552903,-0.285532336430964,-0.203132223218076,-0.203717156469645,-0.318873531770367,0.318213123260531,-0.316137553658191,-0.0213689324968159,-0.112675126185197
"Actinomyces_europaeus",-0.326100287749422,0.0668616444171895,0.0958818812208123,0,-0.013613849709892,-0.112184537006463,0.148299448087174,-0.313363837916883,-0.308344733242134,-0.0674843152978914,-0.309873107222039,0.265474786546535,0.334968630595783,0.321609509882542,0.171904335110147,0.49946695598849,-0.194962026510684,-0.162734091230718,-0.202603896410208,-0.101693476107364,-0.0752960045285155,-0.169262701070805,-0.194112929855182,-0.131864710599557,-0.198811264682296,-0.167168262653899,-0.239077314967687,-0.362800132081702,0.156299825463465,-0.267588093778008,-0.201490636350771,0.40417944242653,-0.186263502995424,-0.268173027029577,-0.173187414500684,-0.10822208594745,-0.130147648473985,-0.285343648285296,-0.090692957214963,0.0517477239492429,0.268663616208312,-0.199509410821265,-0.348837209302326,0.183018066889948,-0.00521722722769942,-0.0675597905561583,-0.151299589603283,0.0137081937827256,0.0755979055615831,-0.168130572196802,-0.0698617859332987,-0.284664370960894,-0.082258597103637,-0.12216613991226,-0.095768668333412,0.0553705363460541,-0.156148874946931,0.0950893910090099,-0.25951224114345,-0.152337374404453,-0.107486202179348,0.484654936553611,0.581489692910043,-0.288985329496674,-0.135525260625501,0.0752960045285155,0.10718430114628,-0.230001415161093,-0.290721260436813,-0.136412094910137,0.128373979904712,-0.182131232605312,-0.177998962215199,-0.161564224727582,-0.0842398226331431,-0.033294023302986,-0.195886598424454,-0.204679466012548,-0.135525260625501,-0.159752818529176,-0.231643002028398,-0.197075333742158,-0.260889664606821,-0.103542619934903,-0.362686919194302,-0.0500872682673711,-0.0522949195716779,-0.392707203169961,-0.214151610925044,0.319816972498703,-0.0640879286758809,-0.138487664512477,-0.172225104957781,0.17741402896363,0.229076843247323,0.227284305863484,-0.122920892494929,0.0248974008207934,0.125015330911835,-0.0673333647813576,-0.140129251379782,0.122977498938629,0.397009292891174,0.514599745271003,-0.024652106231426,0.162922779376386,-0.128581536864946,0.2541534978065,-0.19366007830558,-0.10712769470258,-0.446539931128827,-0.27143733194962,-0.258644275673381,-0.158356526251238,0.139261285909713,-0.225265342704845,-0.196414925232322,-0.1567338081985,-0.0892023208641917,-0.0937497051747724,-0.224321901976508,-0.208056983819991,-0.0812396811170338,-0.215378083871881,-0.0217085711590169,-0.171470352375112,-0.0699561300061324,-0.0219727345629511,0.283098259351856,0.0193877069673098,-0.219548091891127,-0.19020708523987,-0.172942119911317,0.104221897259305,-0.209358932025096,-0.115165809708005,-0.183414311995849,-0.235303552054342,-0.211264682296335,-0.0731072220387754,-0.152733619510354,-0.130562762394453,-0.0273880843436011,-0.187471107127695,-0.133166658804661,-0.0846171989244776,-0.112693994999764,-0.0785414406339922,-0.257964998348979,0.192754375206378,-0.251643945469126,-0.200264163403934,-0.465804990801453
"Actinomyces_neuii",-0.281815179961319,-0.134732770413699,0.0345771026935233,-0.013613849709892,0,-0.296815887541865,-0.0427850370300486,-0.123845464408699,-0.350554271427898,-0.377970658993349,-0.121543469031558,0.379102787867352,-0.17079107505071,0.309684419076372,0.292023208641917,0.104618142365206,-0.389461767064484,-0.223755837539507,-0.314835605453087,-0.219321666116326,-0.308061701023633,-0.378385772913817,-0.364630407094674,-0.293740270767489,-0.210321241567998,-0.221416104533233,-0.285192697768763,-0.0119156563988867,-0.265059672626067,-0.268757960281145,-0.416670597669701,-0.0460116043209585,-0.295551676965895,-0.251247700363225,-0.38798999952828,-0.254474267654135,-0.34178027265437,-0.138166894664843,-0.280041511392047,-0.166507854144063,-0.124071890183499,-0.294721449124959,-0.291853389310817,0.333100617953677,0.248115477145148,-0.264286051228832,-0.071559979244304,0.441369875937544,-0.481164205858767,0.195377140431152,0.285362517099863,-0.152544931364687,-0.0971838294259163,-0.355931883579414,-0.271758101797255,0.194678994292184,-0.0707863578470683,-0.049955186565404,-0.358328223029388,-0.337610264635124,-0.334855417708382,0.167092787395632,-0.174376149818388,-0.312552478890514,-0.316118684843625,0.539129204207746,-0.140242464267182,-0.307457898957498,-0.429557998018774,-0.20552856266805,-0.246285202132176,-0.435312986461626,-0.0942214255389405,-0.329911788291901,-0.356082834095948,-0.312420397188547,-0.33291192980801,-0.0895985659700929,-0.3190810887306,-0.294476154535591,-0.254606349356102,-0.320250955233737,-0.258587669229681,-0.31464691730742,-0.0737487617340441,-0.273192131704326,-0.369875937544224,-0.134581819897165,-0.204849285343648,-0.134317656493231,-0.296476248879664,-0.365536110193877,-0.360762300108496,-0.36972498702769,0.232850606160668,-0.0226708807019199,-0.116958347091844,-0.426859757535733,-0.298702768998538,-0.328874003490731,-0.291702438794283,-0.174979951884523,0.0278409358932025,-0.303118071607151,-0.249738195197887,-0.283041652908156,-0.0119722628425869,-0.109976885702156,-0.445728572102458,-0.00500967026746545,-0.144525685173829,0.364177555545073,0.0956743242605783,-0.228888155101656,-0.126619180150007,0.183961507618284,0.133336478135761,0.187735270531629,-0.300287749422143,-0.267946601254776,-0.387669229680645,-0.279060333034577,-0.392216613991226,-0.335912071324119,-0.363969998584839,-0.256870607104109,-0.14797867823954,0.364083211472239,0.111561866125761,0.0162932213783669,-0.16099816029058,-0.310910892023209,-0.323326572008114,-0.357554601632152,-0.296249823104863,0.285626680503797,-0.202320864191707,-0.321741591584509,-0.0399547148450399,-0.329930657106467,-0.261814236520591,-0.234397848955139,-0.152450587291853,-0.27022972781735,-0.374819566960706,-0.356988537195151,-0.407273928015472,-0.147148450398604,-0.441577432897778,0.305231378838624,-0.321364215293174,0.0110665597433841,-0.204585121939714
"Actinomyces_turicensis",0.161035897919713,0.254512005283268,-0.0409547620170763,-0.112184537006463,-0.296815887541865,0,0.0855606396528138,-0.0781640643426577,0.10373130808057,0.122373696872494,0.124053021368932,-0.163979432992122,0.171715646964479,-0.00853813859144299,-0.252210009906128,-0.074163875654512,0.331591112788339,0.103806783338837,0.286890891079768,0.303967168262654,0.185848389074956,0.175206377659324,0.223095429029671,0.142336902684089,0.141204773810085,0.0195197886692769,0.152695881881221,-0.109278739563187,0.197188546629558,0.146355960186801,0.258002735978112,0.00902872777017784,0.114807302231237,0.0397660266993726,0.404990801452899,0.35468654181801,0.205264399264116,-0.0432001509505165,0.334742204820982,0.0284070003302043,0.156318694278032,0.285607811689231,0.0873909146657861,-0.0707108825888014,-0.233435539412236,0.239247134298788,0.265663474692202,-0.0889004198311241,0.130487287136186,-0.0365771970375961,-0.158884853059107,-0.0456908344733242,0.253474220482098,-0.0401245341761404,0.119298080098118,-0.158243313363838,0.123241662342563,-0.0872022265201189,0.234435586584273,0.16860229256097,0.0825416293221378,-0.232699655644134,-0.0518609368366432,0.205339874522383,0.181301004764376,-0.187905089862729,0.24758715033728,0.323496391339214,0.372649653285532,0.123543563375631,-0.0513703476579084,0.429765554979008,0.119524505872919,0.194603519033917,0.01189678758432,0.0418415963017123,0.170470305203076,0.0553327987169206,0.198924477569697,0.145223831312798,0.205547431482617,0.119165998396151,0.0551252417566866,0.100259446200292,-0.107410726921081,0.18167838105571,0.166809755177131,-0.0146327656964951,0.194829944808717,-0.035897919713194,0.236831926034247,0.153073258172555,0.405198358413133,0.325722911458088,-0.0528232463795462,0.00957592339261286,0.292325109674985,0.250455210151422,0.074163875654512,0.201509505165338,0.330383508656069,0.0721260436813057,-0.195546959762253,0.0298032926081419,0.106712580782112,0.334195009198547,0.179338648049436,0.0365583282230294,0.442426529553281,-0.0247087126751262,0.104278503703005,-0.163960564177556,0.171791122222746,0.159658474456342,0.0722769941978395,0.0105759705646493,-0.158601820840606,-0.0441435916788528,0.213793103448276,0.0262559554695976,0.228605122883155,0.131826972970423,0.0189914618614086,0.11554318599934,0.0617670644841738,0.160186801264211,0.132713807255059,-0.197622529364593,-0.0488230576914005,-0.0349733477994245,0.219680173593094,0.28855134676164,0.0992027925845559,0.166243690740129,0.115996037548941,-0.190641067974904,-0.0161045332326997,0.199188640973631,0.151073163828482,0.245587055993207,0.167036180951932,0.165847445634228,0.182640690598613,0.0930704278503703,0.0548422095381858,0.154828057927261,0.201132128874004,-0.169262701070805,0.247398462191613,-0.183112410962781,0.265531392990235,0.0995613000613236,0.189829708948535
"Aerococcus_urinae",-0.00234916741355724,-0.030482569932544,0.533506297466862,0.148299448087174,-0.0427850370300486,0.0855606396528138,0,-0.0819378272560026,-0.145525732345865,-0.155129958960328,0.0561252889287231,-0.169319307514505,0.173338365017218,-0.0451813764800226,-0.166187084296429,0.104391716590405,0.0738053681777442,-0.0329921222699184,-0.0524836077173452,-0.187225812538327,-0.358045190810887,-0.261229303269022,-0.0559366007830558,-0.0165196471531676,0.063257700834945,0.0485966319165998,-0.0442568045662531,0.107882447285249,0.269210811830747,-0.170225010613708,0.00225482334072362,0.389103259587716,-0.0212557196094155,-0.0816736638520685,0.161526487098448,-0.0673522335959243,-0.2755884711543,-0.182112363790745,0.0387848483419029,0.128336242275579,0.0545591773196849,0.0609179678286712,-0.152110948629652,-0.133223265248361,0.0292372281711402,-0.0719373555356385,-0.142110476909288,-0.17096089438181,0.144770979763196,-0.0238218783904901,-0.0943535072409076,-0.11444879475447,0.162337846124817,-0.245020991556205,-0.209868390018397,-0.0845228548516439,0.056332845888957,0.101844426623897,-0.163262418038587,-0.153733666682391,-0.159733949714609,0.200603802066135,0.32547761686872,0.00427378649936318,-0.302514269541016,-0.135808292844002,0.0512760035850748,-0.0513514788433417,-0.0275201660455682,-0.119373555356385,0.0622010472192085,0.0560309448558894,-0.0345016274352564,-0.073201566111609,-0.23462427472994,-0.323722817114015,0.00950044813434596,-0.036860229256097,-0.0578800886834285,-0.0528609840086797,-0.153186471059956,-0.0265767253172319,-0.0649936317750837,-0.0406905986131421,-0.0568045662531251,-0.0257653662908628,-0.155205434218595,-0.130543893579886,-0.073069484409642,0.182282183121845,0.00376432850606161,-0.0578046134251616,0.0142553894051606,0.279135808292844,0.0820321713288363,0.366649370253314,0.0773338365017218,0.209491013727063,0.0115005424784188,-0.0839567904146422,-0.0422001037784801,0.0773527053162885,0.118675409217416,0.234662012359074,0.190810887306005,0.273116656446059,-0.0180102835039389,0.24966271993962,0.162602009528751,0.247549412708147,-0.361309495730931,-0.165073824236992,0.0247653191188264,-0.0347280532100571,0.469012689277796,-0.126355016746073,-0.129204207745648,-0.199905655927166,0.185621963300156,0.0453889334402566,-0.170526911646776,-0.149393839332044,-0.255927166375772,-0.236039435822444,-0.263908674937497,-0.000160384923817161,0.0892400584933252,-0.311722251049578,-0.132374168592858,0.00614179914146894,-0.0101042502004812,0.0200103778480117,-0.00199065993678947,0.132072267559791,0.0633897825369121,-0.0682579366951271,-0.109750459927355,-0.0268220199065994,-0.122373696872494,-0.0410113684607765,0.017180055663003,0.0369168356997972,-0.113599698098967,-0.129355158262182,-0.126845605924808,-0.15252606255012,-0.0823718099910373,-0.302646351242983,-0.0946742770885419,0.117297985754045,-0.121562337846125,-0.144355865842728,-0.121581206660692
"Agrobacterium_tumefaciens",0.624491721307609,-0.196679088636256,-0.24966271993962,-0.313363837916883,-0.123845464408699,-0.0781640643426577,-0.0819378272560026,0,0.760837775366763,0.293381763290721,0.240737770649559,-0.251926977687627,-0.386197462144441,-0.351629793858201,-0.307722062361432,-0.355573376102646,0.348252276050757,0.371876031888297,0.319062219916034,0.278739563186943,0.205283268078683,0.17413085522902,0.233133638379169,0.361479315062031,0.208943818104628,0.220265106844662,0.387329591018444,0.520505684230388,0.154828057927261,0.504052077928204,0.36102646351243,-0.452332657200811,0.432029812727015,0.675343176564932,0.227756026227652,0.263135053540261,0.168847587150337,0.569281569885372,0.282513326100288,0.195075239398085,-0.0473324213406293,0.298608424925704,0.401103825652153,-0.201924619085806,-0.0216897023444502,0.423953960092457,0.299117882919006,-0.135676211142035,0.314420491532619,0.36863059578282,0.262418038586726,0.416878154629935,-0.0771640171706213,0.276758337657437,0.211453370442002,0.119015047879617,0.217793292136422,0.138223501108543,0.264493608189066,0.190565592716638,0.304533232699656,-0.448106042737865,-0.193018538610312,0.412764753054389,0.218302750129723,-0.319552809094769,0.0765602151044861,0.219661304778527,0.523751120335865,0.230907118260295,0.339553752535497,0.336100759469786,0.430746733336478,0.427218265012501,0.38055568658899,0.332798716920609,0.419217887636209,0.103523751120336,0.463540733053446,0.353799707533374,0.450804283220907,0.456823435067692,0.558507476767772,0.356573423274683,0.814047832444927,0.356611160903816,0.286702202934101,0.908920232086419,0.472597764045474,-0.213925185150243,0.353761969904241,0.322590688240011,0.333761026463512,-0.122411434501627,-0.47463559601868,-0.2755884711543,-0.0249540072644936,0.147789990093872,0.0855229020236804,0.239341478371621,0.358365960658522,-0.141129298551818,-0.220831171281664,-0.207019199018822,0.0498419736780037,-0.242907684324732,0.335327138072551,-0.401141563281287,0.258738619746214,-0.244002075569602,0.384555875277136,0.257361196282844,0.0607104108684372,0.271871314684655,-0.365309684419076,0.488372093023256,0.553941223642625,0.383348271144865,0.44635124298316,0.311118448983443,0.307137129109864,0.500900985895561,0.244587008821171,0.224623803009576,0.220189631586396,0.400990612764753,0.211491108071135,-0.0969196660219822,-0.0776923439784896,0.035897919713194,0.182093494976178,0.516939478277277,0.316948912684561,0.188603236001698,0.387688098495212,0.310005188924006,0.5892259068824,0.411613755365819,-0.10061795367706,0.346893721401953,0.19688664559649,0.315722439737723,0.212019434879004,0.262267088070192,0.247775838482947,0.333534600688712,0.214547856030945,0.230850511816595,0.395971508090004,-0.293419500919855,0.198226331430728,0.199830180668899,0.368781546299354
"Agrobacterium_unclassified",0.703721873673286,-0.0307278645219114,-0.356554554460116,-0.308344733242134,-0.350554271427898,0.10373130808057,-0.145525732345865,0.760837775366763,0,0.497447992829851,0.48523986980518,-0.393009104203028,-0.169224963441672,-0.444049247606019,-0.480900042454833,-0.394895985659701,0.587508844756828,0.613057219680174,0.557658380112269,0.48005094579933,0.374744091702439,0.413462899193358,0.471918486721072,0.597622529364593,0.448275862068966,0.372913816689466,0.525675739421671,0.413236473418557,0.0971460917967829,0.556469644794566,0.600358507476768,-0.404141704797396,0.670833529883485,0.757365913486485,0.407877730081608,0.311231661870843,0.369441954809189,0.621868956082834,0.520128307939054,0.231812821359498,-0.0519741497240436,0.430973159111279,0.579659417897071,-0.28232463795462,-0.0660125477616869,0.5460729279683,0.322345393650644,-0.303533185527619,0.405368177744233,0.0983159582999198,0.0179914146893721,0.496259257512147,0.110448606066324,0.462804849285344,0.325553092126987,-0.0196707391858107,0.178414076135667,0.0633520449077787,0.503316194160102,0.42912401528374,0.410953346855984,-0.428878720694372,-0.148073022312373,0.650889192886457,0.462804849285344,-0.53288362658616,0.121562337846125,0.461314212934572,0.678437662153875,0.391952450587292,0.45291759045238,0.574300674560121,0.39680173593094,0.586225765366291,0.513241190622199,0.4268786263503,0.550695787537148,0.294645973866692,0.541846313505354,0.599226378602764,0.689079673569508,0.697891409972168,0.695721496296995,0.595924336053587,0.643454879947167,0.517109297608378,0.448577763102033,0.815029010802396,0.666380489645738,-0.144601160432096,0.535336572479834,0.562168026793717,0.568564554931836,0.0541251945846502,-0.524222840700033,-0.258983914335582,0.103070899570734,0.387216378131044,0.332496815887542,0.395141280249068,0.51876975329025,-0.148865512524176,-0.178961271758102,-0.10903344497382,0.197641398179159,0.00112269446672013,0.369649511769423,-0.447294683711496,0.499504693617623,-0.29517430067456,0.514071418463135,0.00317939525449314,0.151148639086749,0.512052455304496,-0.361743478465965,0.272984574744092,0.30381621774612,0.168489079673569,0.527656964951177,0.511429784423794,0.552563800179254,0.59475446955045,0.488957026274824,0.404160573611963,0.352799660361338,0.57407424878532,0.383933204396434,-0.247077692343979,-0.0417849898580122,0.0934289353271381,0.278343318081042,0.755573376102646,0.556828152271334,0.386272937402708,0.532374168592858,0.0512193971413746,0.583678475399783,0.538053681777442,-0.0487475824331336,0.535846030473136,0.435954526156894,0.507750365583282,0.341214208217369,0.3622340676447,0.390688240011321,0.455257323458654,0.458653710080664,0.182848247558847,0.633963866220105,-0.387537147978678,0.439294306335204,0.261927449407991,0.429274965800274
"Akkermansia_muciniphila",0.613528940044342,0.190018397094203,-0.304929477805557,-0.0674843152978914,-0.377970658993349,0.122373696872494,-0.155129958960328,0.293381763290721,0.497447992829851,0,0.310042926553139,-0.17626303127506,-0.188357941412331,-0.310590122175574,-0.264625689891033,-0.277230058021605,0.500353790273126,0.544940799094297,0.490070286334261,0.702023680362281,0.625020048115477,0.753403462427473,0.561639699985848,0.404047360724562,0.545676682862399,0.534317656493231,0.742365205905939,0.196622482192556,0.303099202792585,0.607585263455823,0.681400066040851,-0.291287324873815,0.665361573659135,0.619151846785226,0.485730458983914,0.41085900278315,0.722534081796311,0.390631633567621,0.385404971932638,0.315892259068824,0.104297372517572,0.520920798150856,0.604905891787349,-0.339761309495731,-0.124524741733101,0.671286381433086,0.347931506203123,-0.354139346195575,0.716288504174725,-0.256927213547809,-0.296363035992264,0.287815462993537,-0.0334072361903863,0.687060710410868,0.592678899948111,0.0366904099249965,0.235813010047644,0.184414359167885,0.767404122835983,0.652059059389594,0.76338506533327,-0.364328506061607,-0.0905231378838624,0.740025472899665,0.635246945610642,-0.440445304023775,0.068880607575829,0.430841077409312,0.584150195763951,0.389122128402283,0.421538751827916,0.540242464267182,0.503070899570734,0.579640549082504,0.577942355771499,0.658191424123779,0.49399499976414,0.274343129392896,0.466597481013255,0.598094249728761,0.722288787206944,0.635473371385443,0.630624086041794,0.625850275956413,0.195980942497288,0.606905986131421,0.853502523703948,0.325628567385254,0.602509552337374,-0.131996792301524,0.535393178923534,0.71355252606255,0.602735978112175,0.371649606113496,-0.504014340299071,-0.316439454691259,0.125656870607104,0.59366007830558,0.403575640360394,0.610736355488466,0.558526345582339,-0.035011085428558,-0.196433794046889,0.0348601349120242,0.0603519033916694,0.0884664370960894,0.0599367894712015,-0.319043351101467,0.46046511627907,-0.310571253361008,0.468842869946696,-0.319439596207368,0.0210481626491816,0.550016510212746,-0.343063352044908,-0.0488796641351007,-0.0457474409170244,-0.0945044577574414,0.363649228737205,0.717288551346762,0.767800367941884,0.612057172508137,0.799896221519883,0.646134251615642,0.59884900231143,0.345554035567715,0.151658097080051,-0.277230058021605,0.0646539931128827,0.047690928817397,0.473088353224209,0.623567149393839,0.529185338931082,0.627435256380018,0.617680079249021,-0.302891645832351,0.236360205670079,0.65196471531676,-0.064974762960517,0.530581631209019,0.652738336713996,0.530543893579886,0.5892259068824,0.694778055568659,0.635454502570876,0.841954809189113,0.698778244256805,0.480183027501297,0.707023916222463,-0.469616491343931,0.463069012689278,0.265361573659135,0.245870088211708
"Alloscardovia_omnicolens",0.453351573187415,0.0600877399877353,-0.0922213311948677,-0.309873107222039,-0.121543469031558,0.124053021368932,0.0561252889287231,0.240737770649559,0.48523986980518,0.310042926553139,0,-0.290872210953347,-0.146374829001368,-0.301646304070947,-0.405537997075334,-0.319307514505401,0.525222887872069,0.288306052172272,0.382442568045663,0.478692391150526,0.286853153450634,0.426255955469598,0.502070852398698,0.362554837492335,0.44093589320251,0.337421576489457,0.33947827727723,0.340327373932733,0.0597292325109675,0.280116986650314,0.419463182225577,-0.0342185952167555,0.597056464927591,0.339327326760696,0.255889428746639,0.226246521062314,0.306703146374829,0.358215010141988,0.466238973536488,0.106505023821878,-0.0795603566205953,0.423274682768055,0.499504693617623,-0.130204254917685,-0.155318647105996,0.459634888438134,0.131298646162555,-0.226510684466248,0.269984433227982,-0.132355299778291,-0.132694938440492,0.322760507571112,0.231661870842964,0.357026274824284,0.301363271852446,-0.0960517005519128,0.164149252323223,0.0591631680739658,0.38815981885938,0.508486249351385,0.229416481909524,-0.306778621633096,-0.177149865559696,0.463484126609746,0.360366055002594,-0.350441058540497,0.0762771828859852,0.467484315297891,0.424293598754658,0.0716165856880042,0.289249492900609,0.384253974244068,0.444539836784754,0.482522760507571,0.412085475729987,0.323873767630549,0.340534930892967,0.309137223453937,0.296759281098165,0.334327090900514,0.429954243124676,0.46380489645738,0.353667625831407,0.457917826312562,0.275626208783433,0.330119345252135,0.28319260342469,0.301042502004812,0.423010519364121,-0.128581536864946,0.447879616963064,0.390575027123921,0.386272937402708,0.0272748714562008,-0.324345487994717,-0.0151610925043634,0.343950186329544,0.199905655927166,0.15143167130525,0.312948723996415,0.33745931411859,-0.0504646445587056,-0.266380489645738,-0.0977498938629181,0.222359545261569,0.212679843388839,0.442709561771782,-0.185904995518657,0.378159347139016,-0.125788952309071,0.196301712344922,-0.118486721071749,0.349478748997594,0.519524505872919,-0.109712722298222,-0.0118024435114864,0.0296712109061748,-0.0175574319543375,0.347195622435021,0.325100240577386,0.383480352846832,0.207962639747158,0.384310580687768,0.272795886598424,0.245624793622341,0.513146846549365,0.354441247228643,-0.136846077645172,-0.07244681352894,0.161639699985848,0.31257134770508,0.670531628850418,0.517147035237511,0.234114816736639,0.343346384263409,-0.154431812821359,0.189320250955234,0.350007075805463,0.0444454927119204,0.399462238784848,0.325137978206519,0.28226803151092,0.150997688570216,0.249228737204585,0.197679135808293,0.167432426057833,0.25081371762819,0.0976555497900844,0.400481154771451,-0.268984386055946,0.373027029576867,0.0592952497759328,0.275475258266899
"Anaerococcus_hydrogenalis",-0.445577621585924,-0.0779942450115571,-0.151620359450917,0.265474786546535,0.379102787867352,-0.163979432992122,-0.169319307514505,-0.251926977687627,-0.393009104203028,-0.17626303127506,-0.290872210953347,0,0.164828529647625,0.659700929289117,0.475409217415916,0.415274305391764,-0.391990188216425,-0.262814283692627,-0.207453181753856,-0.186716354545026,-0.154752582668994,-0.257115901693476,-0.279833954431813,-0.357667814519553,-0.199660361337799,-0.152752488324921,-0.288230576914005,-0.147601301948205,-0.165017217793292,-0.244436058304637,-0.305287985282325,0.0890325015330912,-0.296174347846597,-0.286438039530166,-0.305363460540592,-0.173678003679419,-0.235209207981509,-0.186150290108024,-0.356611160903816,-0.00314165762535969,0.0839190527855087,-0.307250341997264,-0.405009670267465,0.506391810934478,0.183187886221048,-0.267889994811076,-0.0596160196235671,0.439388650408038,-0.315401669890089,-0.110825982357658,-0.0590876928156989,-0.290928817397047,-0.0523515260153781,-0.132751544884193,-0.130034435586584,0.143167130525025,-0.0107269210811831,0.0130477852728902,-0.358611255247889,-0.287079579225435,-0.211660927402236,0.11669418368791,-0.0288409830652389,-0.355686588990047,-0.195282796358319,0.463616208311713,-0.189131562809567,-0.231435445068164,-0.43338836737582,-0.248813623284117,-0.0781074578989575,-0.321892542101043,-0.194924288881551,-0.400990612764753,-0.204603990754281,-0.153110995801689,-0.335591301476485,-0.146223878484834,-0.233284588895703,-0.252719467899429,-0.241907637152696,-0.310118401811406,-0.344818151799613,-0.24539836784754,-0.372649653285532,-0.258889570262748,-0.15448841926506,-0.302042549176848,-0.281079296193217,-0.0155195999811312,-0.290325015330912,-0.252342091608095,-0.428388131515638,-0.206226708807019,0.281022689749516,0.00404736072456248,-0.0912590216519647,-0.311061842539742,0.0179914146893721,-0.149091938298976,-0.22269918392377,0.116279069767442,0.172187367328648,0.0139346195575263,-0.170470305203076,-0.157413085522902,-0.0653710080664182,0.0852210009906128,-0.392292089249493,0.0487664512477004,-0.25738006509741,0.0956554554460116,-0.215963017123449,-0.137619699042408,-0.080541534978065,-0.0675031841124581,-0.0995424312467569,-0.00306618236709279,-0.266003113354404,-0.170338223501109,-0.32011887353177,-0.161092504363413,-0.186678616915892,-0.162809566488985,-0.159375442237841,-0.236246992782678,-0.285154960139629,0.365441766121043,0.251776027171093,0.00900985895561111,-0.0581819897164961,-0.408519269776876,-0.294683711495825,-0.356271522241615,-0.257757441388745,-0.0220670786357847,-0.333515731874145,-0.225321949148545,-0.0640313222321808,-0.294645973866692,-0.20973630831643,-0.346459738666918,-0.0716165856880042,-0.148110759941507,-0.193565734232747,-0.135713948771168,-0.238548988159819,-0.0708995707344686,-0.332440209443842,0.209434407283362,-0.243002028397566,-0.139072597764045,-0.36419642435964
